radius: 10
1.289
1.512
1.782
1.976
2.135
2.293
2.579
2.792
3.084
3.567
3.481
3.732
3.986
4.573
4.615
4.787
4.751
5.040
5.283
5.323
5.487
5.289
5.884
5.657
5.985
6.507
6.849
6.919
6.991
7.232
7.321
7.741
7.350
7.721
7.750
7.818
8.443
8.766
8.371
8.413
8.998
9.236
9.390
9.715
9.716
9.835
10.419
11.256
11.426
12.463
11.579
11.992
12.209
12.219
13.183
13.214
12.932
12.822
13.056
14.100
13.782
13.985
14.687
15.238
15.414
14.289
14.460
15.102
15.818
15.422
16.070
14.821
15.025
15.461
16.477
16.045
16.144
16.463
16.235
16.388
17.561
16.795
17.389
16.610
17.791
17.441
17.992
18.494
18.348
18.321
20.691
20.532
20.031
20.302
21.448
21.949
21.094
20.670
21.567
21.396
radius: 100
2.968
3.351
3.870
4.017
4.422
4.605
5.096
5.585
6.013
6.110
6.688
7.205
7.603
7.962
8.087
8.361
8.600
8.385
8.191
8.530
8.562
9.114
9.274
9.952
9.883
9.735
10.121
10.524
10.895
11.263
11.320
11.683
12.037
11.510
11.863
12.124
12.247
11.943
12.395
12.973
12.535
13.612
13.827
13.567
14.321
13.886
15.131
14.709
14.897
15.832
15.729
15.092
15.523
16.220
16.353
16.885
16.411
16.923
16.467
17.795
16.699
17.567
18.444
17.288
18.186
18.380
17.539
19.136
18.704
18.658
20.980
21.341
20.077
21.368
21.158
20.380
22.206
22.853
21.192
22.133
20.987
21.281
22.321
24.133
23.000
23.659
23.680
23.696
22.582
23.693
24.481
24.878
26.390
24.629
24.182
24.457
24.659
25.594
26.232
25.395
radius: 1000
15.974
17.077
17.670
19.900
20.038
20.714
22.466
21.657
22.254
23.524
22.844
23.295
23.387
23.538
23.328
23.819
23.553
22.913
25.327
26.810
25.981
26.827
25.736
27.760
26.694
27.919
28.892
29.319
29.843
28.661
28.421
29.365
30.575
31.376
30.436
34.687
30.716
31.144
32.136
32.906
34.201
33.131
31.889
36.271
36.845
38.989
38.169
36.693
38.081
38.684
39.271
39.683
37.011
37.289
39.285
41.355
39.727
41.948
39.798
41.431
43.105
43.258
46.183
42.561
46.319
45.087
44.668
47.589
46.591
46.287
46.547
48.373
42.684
45.628
43.467
49.517
46.943
47.574
49.350
47.091
49.264
47.611
49.481
49.463
51.547
54.999
51.560
55.149
51.265
51.260
52.943
52.354
52.926
51.267
53.781
54.625
54.768
56.529
56.563
54.491
radius: 10000
155.707
166.662
163.033
171.734
171.796
166.053
168.116
174.810
176.754
166.417
177.479
184.282
192.140
189.326
190.334
186.847
185.168
192.929
194.307
199.050
203.329
205.827
197.331
194.312
201.408
198.051
208.768
181.266
187.726
192.701
205.734
202.945
201.025
196.034
205.054
201.720
180.717
182.944
191.877
195.887
197.420
202.155
201.753
193.308
201.955
193.135
200.543
199.841
210.836
215.317
203.975
192.911
204.201
221.381
199.444
204.363
204.528
206.916
201.888
205.185
195.194
203.851
221.681
213.057
208.477
227.750
222.561
210.269
209.263
201.446
224.326
213.519
216.555
204.362
214.908
227.923
215.015
219.597
212.525
217.757
224.377
215.650
205.320
208.030
223.627
225.110
230.005
224.511
228.428
219.620
224.714
231.926
224.547
245.934
221.542
216.387
225.233
203.039
219.131
210.935
radius: 100000
1461.973
1511.267
1605.643
1653.547
1691.418
1704.521
1712.679
1866.645
1673.621
1690.259
1757.715
1774.350
1781.686
1726.097
1751.875
2101.457
1801.113
1695.341
1756.579
1840.428
1739.971
1781.321
1750.314
1603.188
1831.119
1919.023
1842.707
1817.038
1781.585
1863.046
1769.623
1852.926
1826.273
1740.653
1836.027
1829.902
1905.057
1782.680
1715.692
1852.310
1704.706
1775.426
1807.137
1797.312
1802.243
1795.915
1832.096
1730.912
1786.045
1842.649
1750.977
1728.721
1757.279
1827.489
1789.678
1835.321
1798.508
1792.452
1764.164
1910.397
1807.685
1740.564
1767.223
1866.559
1780.463
1773.343
1820.635
1770.582
1825.357
1843.307
1789.048
1771.318
1824.559
1766.431
1765.900
1830.679
1910.013
1861.638
1881.244
1846.513
1852.674
1864.371
1820.504
1913.987
1823.292
1817.918
1810.156
1888.483
1918.017
1800.259
1784.375
1760.524
1833.738
1830.920
1753.415
1932.374
1870.754
1806.780
1718.002
1830.467
