1000
79009
-18982
89638
-68138
90850
42729
-78024
-67826
51055
-6486
14551
39469
51998
13358
-50336
-7911
-60438
-93718
-3967
-12914
-35420
4575
-55733
50425
67216
-87530
90119
62007
-66810
26377
-21350
-68671
-67151
482
-39330
-74115
99602
10934
-32055
55331
76343
-81861
-76982
22218
-81634
24219
-11191
92734
57138
-40458
-44073
67326
-83905
-3704
50271
-28198
91906
-84280
17735
90239
-87674
-58172
73899
58636
-31208
-15779
24926
34073
-40628
-40423
-2994
89251
-27063
84885
-54666
-63284
63240
-14175
-73453
31205
-12788
91756
-26697
-31309
-14693
-89956
88693
66818
50748
-29709
35811
-53362
-25217
13443
-54362
85140
-88174
-80721
-15382
-71067
-13984
-40609
-9459
-15841
-13980
8342
-87740
75295
-59484
-8897
-42009
-77480
45320
32399
-42021
41087
-63263
72683
18462
-73571
-80345
-47955
-68077
28874
-14755
-71361
97643
96523
-28731
82168
29681
-11648
-79067
-11334
44145
35328
82804
-4074
11246
66966
-7015
82446
59987
57736
3899
-97583
22736
-49449
-90520
98443
74592
96027
-9177
-32440
74853
13167
97744
15672
72123
63295
31422
-34824
-24967
12038
-63247
-84810
-67446
25391
81889
-24485
-57550
92498
21235
-88354
8254
-62003
-31085
8818
59781
-71559
-62266
27172
39076
22565
-13751
-77640
92774
-19204
20856
96685
21136
2428
82362
-12410
17821
58414
1330
89964
-41139
-65918
24440
75704
83537
-35823
-71294
25168
-13442
-93602
-54912
55574
-29333
-8358
95894
55244
83070
-49441
-29622
-61236
-92556
-846
31081
3516
51197
42036
71119
-73372
42232
55266
-11511
23690
9978
25125
-35013
-98732
10262
2473
8502
28125
-63568
-86675
73093
963
-52073
35090
25576
94145
-84177
-93539
48895
91591
-87771
2511
36832
-99292
41692
14020
18329
-63970
-27691
52501
-97946
-62036
-2127
-47034
6977
-51383
60077
-34144
67814
26006
90298
-60726
18624
-63608
40131
99410
-12879
69397
-20038
324
30662
-15970
-13924
-17558
-19648
54982
-65564
-85056
-95215
17423
51879
-12131
-75295
83169
-87140
46292
-95870
-82004
10643
-46357
75546
31132
-65131
75409
-83966
-55776
34935
6731
96924
-11984
-17122
49048
-79695
-81845
12865
67547
-84132
79197
-84037
6419
73123
57127
-23971
-38519
-75487
-18746
64664
87514
-2774
6718
95289
-51866
5847
95473
-73175
-95756
55080
2766
-66710
-51243
86337
37943
-55012
-94544
91065
-46782
-50791
-39650
-18342
65776
-39870
-63625
72088
-55939
53821
-54657
-64399
46861
-62569
-47842
-9774
-56686
-23339
-22110
98365
67536
-59624
1281
82118
72508
41039
-72639
84821
97210
61058
-77514
79356
-47315
84456
1410
70498
-56003
-43988
-69093
83904
-44361
40558
93311
-3579
95779
-91154
-31452
75206
-26146
-16760
5752
4746
21775
69223
46254
40990
-49712
47044
53565
54922
-71032
51106
-93712
59610
2657
-51771
67220
-50580
97866
-6775
25593
42034
58931
-26917
33726
24874
87809
-81444
-19095
15013
94102
-52632
-88163
-35099
-59063
-816
-3202
-30001
92322
-21078
17767
15364
75965
-21073
4685
2501
-10416
-32963
-10809
14423
55595
25717
-12238
-78777
-63959
74394
99823
-82192
81877
95314
-28975
-78623
40082
-62053
37946
62978
99168
80910
-34769
37529
9565
82741
73233
27362
39269
-9808
71632
-88866
-43022
-46176
-9540
-81082
-63447
30274
-55859
52038
55877
98684
-44977
-49306
-23950
-78505
-26355
87145
92172
-8798
67454
-53559
-14033
57344
-73720
-3538
84501
-84799
-23867
-51812
37902
53942
82707
45528
30299
-83656
30031
-16475
-89094
24643
-95523
57164
34362
-44025
-56342
-15071
31524
-18027
59126
-38591
521
20908
-28702
72330
35467
73382
2447
-62660
-40516
-20982
-89283
-27116
45828
52133
42951
94729
42220
-94516
-14201
17958
-33801
-43285
68391
84502
58936
-53523
-15175
97235
18805
58681
888
51924
50810
34616
-16772
57108
2424
80947
-55595
66109
-11145
-89965
78519
48152
-36985
82300
-95061
23324
-81557
-85656
35211
-94242
19910
-62708
-10856
33553
55197
-44556
631
73180
-33371
86945
-48972
10241
-32242
-64058
59255
-71340
70380
29800
20447
83459
-85976
-43730
-20066
13568
-68817
34954
34851
18322
-14880
-3964
-42802
47337
56214
-88482
56376
34359
34299
68543
12379
79582
35613
-80872
89264
15042
-58187
97081
39291
-35892
-56214
-1652
25671
9409
-56811
-41310
90824
-49839
45849
-10019
-86916
-83514
69693
-79140
-77506
-67284
-61657
-29116
-71639
70457
74222
81826
-86190
-14388
7205
42731
-97954
4376
-66731
-92689
-45527
12561
-75009
85446
23222
-26672
39771
-93328
-82245
51187
87311
-41313
22578
73922
-80257
-2637
19062
-3483
-81064
86897
-61646
39822
17971
-45945
-40680
82067
-51644
-4670
-58067
37785
31260
-63564
93589
85265
-36402
-24307
-42556
99625
-70531
10705
-90526
38337
2682
-78236
14897
-69479
-23044
-75504
29078
79682
-79438
-66618
-58879
-67844
14189
30475
-81712
69912
20424
77953
37065
-66095
-12165
42065
-44179
77650
65008
-43018
-94410
-96533
-67526
47780
37507
65493
-1225
-73943
52449
52372
89408
31191
-4165
-79165
-82994
-86439
89967
91545
48258
97325
46679
-74782
-35573
2050
9599
-88838
30263
-22331
-19675
-40833
-26416
-40210
79218
94870
-24597
-83533
68352
-89321
-69819
85252
-83791
-94237
-61760
-6095
7765
33171
-70726
79751
81040
-51503
-29638
2294
-53618
79757
-68423
44665
-68354
-89415
-60719
5219
-50222
79567
35126
88301
78105
62028
-98515
-6518
37931
91842
-75995
90395
-37346
52504
-36421
-83977
56262
-19819
-53597
65768
-67359
29524
77671
84837
62071
-87097
12564
-79859
88056
83310
-95161
8059
63668
76375
48322
-60017
-91242
61758
-46742
90093
95929
24719
-92640
52640
-2518
86755
-29440
99649
53417
-89950
87119
-7005
93530
21998
20008
-56952
33224
14785
-31086
27165
95196
23712
78020
-13053
12454
46110
-48244
3916
29968
69356
77184
95600
9748
84731
-33353
8505
76846
-13469
-27856
18435
-77103
-87899
25086
-87029
-59285
37589
-93477
84064
-94083
77064
14107
95024
13197
17961
-52321
-64876
80203
75460
42737
59944
-21815
34635
94782
-13627
-50060
98045
17959
-93865
81833
-32341
-42947
98805
5669
69581
57735
-3351
-14604
75432
88526
9570
-92525
-66040
25197
-62667
97082
56705
-70906
82895
-90508
65011
89071
-83353
-27772
9002
-2475
44871
42498
63674
-65699
-79746
45870
-27367
62477
-51920
48470
88766
-28104
-31857
-8863
49752
32404
-55614
9219
12782
-1374
-92002
-39114
32986
-85821
-84979
-58843
14220
81048
-68799
22111
27248
43801
35359
-93350
67854
-81219
-64019
47040
-53506
42434
46159
-6536
5573
42245
-73041
-170
-25117
-8887
-12251
59857
-167
-49424
-18275
-6864
88407
77716
57215
69683
-76141
-55711
1205
7436
61358
38182
12110
75544
-99077
25426
29618
29248
-8787
31446
89066
36326
-72711
89149
-45159
-15893
84784
-74486
-3051
-82738
-89099
-58533
76156
40246
