radius: 10
1.053
1.985
3.022
4.024
5.155
6.021
7.378
8.431
10.093
11.525
11.661
12.996
14.610
16.813
17.228
17.815
18.098
19.807
20.630
21.090
23.036
21.978
24.325
24.017
25.430
27.433
28.629
28.661
29.655
30.488
31.032
33.483
32.670
33.399
33.679
34.480
37.273
37.766
36.718
37.788
39.327
40.799
42.353
42.327
43.798
43.711
45.887
49.170
51.303
58.023
51.538
54.548
53.626
53.935
58.384
58.314
58.386
57.966
58.604
62.149
63.357
62.139
64.618
66.983
68.815
64.645
64.871
66.631
74.275
69.500
70.583
66.786
68.284
69.789
74.273
73.042
72.811
74.332
74.495
75.797
81.907
76.465
77.025
76.050
79.786
80.936
82.526
83.230
83.479
84.918
93.108
95.887
90.568
90.606
96.616
93.931
93.396
94.654
99.587
98.581
radius: 100
1.072
2.106
3.407
4.403
5.700
6.741
7.876
9.483
11.084
11.738
13.944
15.950
17.402
18.778
20.815
21.623
22.854
22.852
23.376
25.520
26.253
28.186
30.077
31.788
33.036
33.444
35.085
36.844
38.507
39.881
40.745
42.695
44.979
44.739
46.059
47.593
48.197
47.198
50.846
52.285
51.369
55.045
56.930
55.610
61.641
59.851
64.226
64.037
64.392
68.706
71.122
66.738
68.787
71.269
74.677
76.533
74.613
77.420
77.332
82.801
77.707
84.047
84.523
80.175
84.045
87.848
88.898
93.348
90.184
90.847
104.050
103.361
100.736
107.453
104.333
101.383
110.275
112.462
106.688
113.088
106.413
107.998
113.346
124.167
115.937
120.760
120.650
121.010
116.660
120.809
125.738
126.001
135.793
129.355
127.849
126.989
129.952
134.889
134.988
136.059
radius: 1000
0.923
2.027
3.215
4.762
6.046
7.532
9.159
10.431
11.778
13.553
14.808
15.501
17.017
17.989
18.853
20.375
21.716
21.411
25.737
27.525
28.164
29.737
29.276
32.646
33.238
35.122
36.706
39.334
40.327
40.043
40.481
43.913
45.297
46.872
47.359
53.920
48.525
50.241
54.225
59.105
57.264
56.768
56.804
64.138
66.147
72.005
70.566
69.194
78.828
76.170
75.932
77.808
73.822
74.576
78.939
84.400
83.499
87.214
85.782
88.411
91.469
93.939
101.454
91.928
102.777
101.460
100.720
107.984
106.230
107.458
108.395
110.924
102.359
108.936
105.039
118.997
113.460
117.418
121.888
116.573
122.847
121.779
126.910
128.546
131.253
142.687
133.035
143.198
135.700
139.787
139.129
136.370
139.113
138.797
142.980
142.446
151.731
152.706
159.883
152.272
radius: 10000
1.037
2.187
3.320
4.855
5.902
6.956
8.542
9.951
11.165
12.170
13.703
16.303
18.068
19.084
20.421
21.512
22.480
25.611
27.832
29.219
31.540
32.289
33.603
33.285
37.232
38.007
41.434
38.530
40.724
41.563
46.295
47.570
47.316
50.529
52.988
53.337
51.101
51.812
57.182
57.062
60.439
61.446
64.603
62.741
65.497
66.922
68.792
69.920
76.239
77.287
74.985
76.142
80.240
88.156
79.412
84.206
86.203
86.530
87.184
95.610
89.696
93.817
100.043
101.313
100.880
109.801
107.586
106.835
104.326
106.672
112.246
111.257
113.246
110.681
118.960
127.265
122.159
123.867
123.579
126.759
136.986
124.589
122.237
125.705
138.332
139.893
141.464
137.779
140.164
144.922
146.892
149.212
148.241
165.172
162.359
147.835
152.456
145.375
154.841
145.888
radius: 100000
0.890
1.939
3.276
4.287
5.314
6.642
7.612
9.399
10.045
11.145
12.280
14.425
14.408
16.512
16.963
23.870
20.913
21.184
23.212
25.300
24.916
26.322
27.759
26.910
30.216
31.401
33.942
34.279
34.549
38.509
37.965
41.624
43.101
40.312
44.549
46.151
46.942
45.261
47.860
52.336
47.132
51.438
54.987
54.962
57.536
56.746
58.367
59.167
61.123
64.784
64.032
64.823
68.288
69.966
69.440
69.031
72.595
71.237
70.340
75.461
79.271
77.575
78.252
81.793
82.574
82.926
86.782
90.341
91.468
88.495
95.187
94.839
91.010
87.077
100.766
92.525
98.977
97.789
101.143
102.416
104.874
108.009
106.961
107.808
118.881
111.757
109.813
112.740
122.087
120.350
117.582
118.605
117.723
123.467
116.875
127.124
124.184
125.487
131.126
130.535
